NAME : coverage_path
TYPE : ATSP
DIMENSION : 42
EDGE_WEIGHT_TYPE : EXPLICIT
EDGE_WEIGHT_FORMAT : FULL_MATRIX
EDGE_WEIGHT_SECTION
0 204469 203470 202597 566 200509 129 200703 204629 203674 50695 202905 50506 50344 201324 204988 204117 101534 203581 746 202305 202278 205507 204733 204057 101626 203751 101601 203280 203271 206147 205464 204892 204473 204252 204260 206873 206270 205778 205427 205247 205254 
0 0 500 946 1425 3182 2570 2840 500 707 1334 1014 1421 2886 3076 1000 1118 1408 1380 3073 4219 4668 1500 2010 2505 3158 2932 3382 3698 4163 2000 2510 3020 3530 4040 4550 2500 3010 3520 4030 4540 5050 
0 500 0 447 926 2672 2060 2330 707 500 953 612 951 2376 2566 1118 1000 1073 1129 2563 3709 4158 2010 1500 1995 2648 2422 2872 3188 3653 2510 2000 2510 3020 3530 4040 3010 2500 3010 3520 4030 4540 
0 946 447 0 480 2235 1622 1893 1092 707 781 501 647 1965 2155 1412 1141 950 1101 2043 3301 2720 2447 1937 1586 1854 2014 2078 2779 3245 2947 2437 2091 2601 3111 3621 3447 2937 2591 3101 3611 4121 
0 1425 926 480 0 1679 532 1336 2003 1075 408 721 222 603 1651 2503 1398 499 1225 842 3009 2217 3003 2493 2142 773 1722 859 2488 2953 3503 2993 2648 2155 2974 3453 4003 3493 3148 2655 3474 3953 
0 3182 2672 2235 1679 0 612 342 3682 3172 2490 2737 2219 563 495 4182 3672 2872 3366 2160 1650 1288 4457 3947 3451 3175 3024 2565 2258 1793 4843 4333 3823 3313 2803 2293 5343 4833 4323 3813 3303 2793 
0 2570 2060 1622 532 612 0 320 3070 2560 938 2124 803 481 679 3570 3060 1129 2753 773 1578 1215 4385 3875 3380 1281 2952 976 2186 1721 4771 4261 3751 3241 2731 2221 5271 4761 4251 3741 3231 2721 
0 2840 2330 1893 1336 342 320 0 3340 2830 2147 2394 1876 584 380 3840 3330 2529 3023 1818 1308 900 4114 3604 3109 2833 2682 2223 1916 1415 4501 3991 3481 2971 2461 1951 5001 4491 3981 3471 2961 2451 
0 500 707 1092 2003 3682 3070 3340 0 500 1145 906 1369 2386 2576 500 707 1155 1046 2573 3719 4168 1000 1118 1417 2658 2432 2882 3198 3663 1500 2010 2520 3030 3540 4050 2000 2510 3020 3530 4040 4550 
0 707 500 707 1075 3172 2560 2830 500 0 661 407 871 1876 2066 707 500 707 679 2063 3209 3658 1118 1000 1121 1499 1421 2372 2688 3153 2010 1500 2010 2520 3030 3540 2510 2000 2510 3020 3530 4040 
0 1334 953 781 408 2490 938 2147 1145 661 0 340 200 586 1451 1160 687 92 416 661 3033 1999 1373 1007 1319 448 910 474 2512 2977 2641 1434 1824 1398 2844 3354 3141 2631 2324 2834 3344 3854 
0 1014 612 501 721 2737 2124 2394 906 407 340 0 463 1385 1668 1057 683 475 600 1556 2799 2234 1385 1127 1044 1236 1267 1288 2278 2743 2407 1897 1590 2100 2610 3120 2907 2397 2090 2600 3110 3620 
0 1421 951 647 222 2219 803 1876 1369 871 200 463 0 468 1182 1493 1057 286 816 572 2469 1677 2464 1407 1641 478 1181 589 1948 2413 2964 2454 2146 1615 2434 2913 3464 2954 2646 2115 2934 3413 
0 2886 2376 1965 603 563 481 584 2386 1876 586 1385 468 0 278 2886 2376 657 1599 282 643 699 3923 3413 2918 544 1377 527 1098 1210 4310 3800 3290 2780 1610 1760 4810 4300 3790 3280 2770 2260 
0 3076 2566 2155 1651 495 679 380 2576 2066 1451 1668 1182 278 0 3076 2566 1816 2297 1073 746 521 3734 3224 2729 2067 2301 1282 1258 1035 4120 3610 3100 2590 2080 1570 4620 4110 3600 3090 2580 2070 
0 1000 1118 1412 2503 4182 3570 3840 500 707 1160 1057 1493 2886 3076 0 500 1090 886 2073 3219 3668 500 707 1121 2158 1932 2382 2698 3163 1000 1118 1414 2529 3040 3550 1500 2010 2520 3029 3540 4050 
0 1118 1000 1141 1398 3672 3060 3330 707 500 687 683 1057 2376 2566 500 0 594 389 1563 2709 3158 707 500 710 1648 1090 1436 2188 2653 1118 1000 1118 1414 2529 3040 2010 1500 2010 2520 3029 3540 
0 1408 1073 950 499 2872 1129 2529 1155 707 92 475 286 657 1816 1090 594 0 256 470 2414 2863 1243 844 649 396 793 428 1142 2358 2133 1354 1165 1262 1451 2735 2633 2123 1705 2215 2725 3235 
0 1380 1129 1101 1225 3366 2753 3023 1046 679 416 600 816 1599 2297 886 389 256 0 1215 2170 2619 991 591 456 936 749 1014 1342 2114 1297 1026 963 1142 1479 2491 2389 1502 1460 1971 2481 2991 
0 3073 2563 2043 842 2160 773 1818 2573 2063 661 1556 572 282 1073 2073 1563 470 1215 0 190 593 2573 2063 1159 266 820 245 543 752 3073 2563 1424 1139 1035 1161 3573 3063 2645 2099 1669 2148 
0 4219 3709 3301 3009 1650 1578 1308 3719 3209 3033 2799 2469 643 746 3219 2709 2414 2170 190 0 362 2719 2209 1415 734 1065 668 490 601 3047 2537 1664 1165 984 1041 3547 3037 2527 2017 1481 1867 
0 4668 4158 2720 2217 1288 1215 900 4168 3658 1999 2234 1677 699 521 3668 3158 2863 2619 593 362 0 3168 2658 2163 921 1225 850 694 515 3555 3045 2535 1424 1130 1015 4055 3545 3035 2525 2015 1505 
0 1500 2010 2447 3003 4457 4385 4114 1000 1118 1373 1385 2464 3923 3734 500 707 1243 991 2573 2719 3168 0 500 1005 1658 1426 1882 2198 2663 500 707 1118 2029 2540 3050 1000 1118 1414 2529 3040 3550 
0 2010 1500 1937 2493 3947 3875 3604 1118 1000 1007 1127 1407 3413 3224 707 500 844 591 2063 2209 2658 500 0 505 1188 928 1267 1688 2153 707 500 707 1118 2029 2540 1118 1000 1118 1414 2529 3040 
0 2505 1995 1586 2142 3451 3380 3109 1417 1121 1319 1044 1641 2918 2729 1121 710 649 456 1159 1415 2163 1005 505 0 684 427 764 1040 1658 1125 717 515 724 1134 2035 1424 1130 1015 1134 1431 2535 
0 3158 2648 1854 773 3175 1281 2833 2658 1499 448 1236 478 544 2067 2158 1648 396 936 266 734 921 1658 1188 684 0 305 40 373 839 2158 1322 903 620 679 1021 2658 2148 1287 1109 1142 1373 
0 2932 2422 2014 1722 3024 2952 2682 2432 1421 910 1267 1181 1377 2301 1932 1090 793 749 820 1065 1225 1426 928 427 305 0 375 622 1097 1487 1018 604 443 733 1175 2432 1311 1023 938 1104 1435 
0 3382 2872 2078 859 2565 976 2223 2882 2372 474 1288 589 527 1282 2382 1436 428 1014 245 668 850 1882 1267 764 40 375 0 297 759 2804 1394 965 648 644 957 3304 2794 1331 1124 1122 1326 
0 3698 3188 2779 2488 2258 2186 1916 3198 2688 2512 2278 1948 1098 1258 2698 2188 1142 1342 543 490 694 2198 1688 1040 373 622 297 0 475 2526 2016 1153 732 496 681 3026 2516 1438 1130 995 1099 
0 4163 3653 3245 2953 1793 1721 1415 3663 3153 2977 2743 2413 1210 1035 3163 2653 2358 2114 752 601 515 2663 2153 1658 839 1097 759 475 0 3050 2540 2029 1118 707 500 3550 3040 2529 1414 1118 1000 
0 2000 2510 2947 3503 4843 4771 4501 1500 2010 2641 2407 2964 4310 4120 1000 1118 2133 1297 3073 3047 3555 500 707 1125 2158 1487 2804 2526 3050 0 500 1000 1500 2039 2550 500 707 1118 2029 2540 3050 
0 2510 2000 2437 2993 4333 4261 3991 2010 1500 1434 1897 2454 3800 3610 1118 1000 1354 1026 2563 2537 3045 707 500 717 1322 1018 1394 2016 2540 500 0 500 1000 1500 2039 707 500 707 1118 2029 2540 
0 3020 2510 2091 2648 3823 3751 3481 2520 2010 1824 1590 2146 3290 3100 1414 1118 1165 963 1424 1664 2535 1118 707 515 903 604 965 1153 2029 1000 500 0 500 1000 1500 1118 707 500 707 1118 2029 
0 3530 3020 2601 2155 3313 3241 2971 3030 2520 1398 2100 1615 2780 2590 2529 1414 1262 1142 1139 1165 1424 2029 1118 724 620 443 648 732 1118 1500 1000 500 0 500 1000 2029 1118 707 500 707 1118 
0 4040 3530 3111 2974 2803 2731 2461 3540 3030 2844 2610 2434 1610 2080 3040 2529 1451 1479 1035 984 1130 2540 2029 1134 679 733 644 496 707 2039 1500 1000 500 0 500 2540 2029 1118 707 500 707 
0 4550 4040 3621 3453 2293 2221 1951 4050 3540 3354 3120 2913 1760 1570 3550 3040 2735 2491 1161 1041 1015 3050 2540 2035 1021 1175 957 681 500 2550 2039 1500 1000 500 0 3050 2540 2029 1118 707 500 
0 2500 3010 3447 4003 5343 5271 5001 2000 2510 3141 2907 3464 4810 4620 1500 2010 2633 2389 3573 3547 4055 1000 1118 1424 2658 2432 3304 3026 3550 500 707 1118 2029 2540 3050 0 500 1000 1500 2039 2550 
0 3010 2500 2937 3493 4833 4761 4491 2510 2000 2631 2397 2954 4300 4110 2010 1500 2123 1502 3063 3037 3545 1118 1000 1130 2148 1311 2794 2516 3040 707 500 707 1118 2029 2540 500 0 500 1000 1500 2039 
0 3520 3010 2591 3148 4323 4251 3981 3020 2510 2324 2090 2646 3790 3600 2520 2010 1705 1460 2645 2527 3035 1414 1118 1015 1287 1023 1331 1438 2529 1118 707 500 707 1118 2029 1000 500 0 500 1000 1500 
0 4030 3520 3101 2655 3813 3741 3471 3530 3020 2834 2600 2115 3280 3090 3029 2520 2215 1971 2099 2017 2525 2529 1414 1134 1109 938 1124 1130 1414 2029 1118 707 500 707 1118 1500 1000 500 0 500 1000 
0 4540 4030 3611 3474 3303 3231 2961 4040 3530 3344 3110 2934 2770 2580 3540 3029 2725 2481 1669 1481 2015 3040 2529 1431 1142 1104 1122 995 1118 2540 2029 1118 707 500 707 2039 1500 1000 500 0 500 
0 5050 4540 4121 3953 2793 2721 2451 4550 4040 3854 3620 3413 2260 2070 4050 3540 3235 2991 2148 1867 1505 3550 3040 2535 1373 1435 1326 1099 1000 3050 2540 2029 1118 707 500 2550 2039 1500 1000 500 0 
EOF