NAME : coverage_path
TYPE : ATSP
DIMENSION : 42
EDGE_WEIGHT_TYPE : EXPLICIT
EDGE_WEIGHT_FORMAT : FULL_MATRIX
EDGE_WEIGHT_SECTION
0 152 200928 201799 202087 201329 573 200912 303 200367 346 201415 574 201425 758 202261 202735 203550 203240 204146 102251 204190 102073 101769 101547 101787 203505 101772 203861 101941 204644 203180 101988 203499 205311 206057 205716 205369 205113 205131 205377 204441 
0 0 210 615 837 781 582 970 291 740 340 1015 588 1054 920 1179 1349 2235 1800 2284 1422 2688 1604 1171 1301 1441 3117 1437 3091 1608 5691 3680 1564 3498 5231 4705 4179 3678 3155 2784 3250 2745 
0 210 0 459 632 444 834 600 662 407 887 1142 1091 1096 1509 940 1045 1902 1460 1951 2512 2355 2877 2009 2269 2551 2785 3208 3424 3548 5358 4012 3460 3831 4898 4372 3846 3346 2822 2451 2917 2412 
0 615 459 0 500 724 1231 1027 1165 867 1295 2271 2110 200000 2026 1109 1000 1500 1975 2545 3461 2949 3826 2526 2786 3068 3302 3917 3605 4257 5952 4200 3649 4019 5492 4966 4440 3939 3416 3045 2545 2039 
0 837 632 500 0 515 1098 938 1176 926 1508 1761 1417 200000 885 683 500 1000 1127 2035 2951 2439 3316 2016 2276 2558 2792 3407 3095 3747 5442 3690 3139 3509 4982 4456 3930 3429 2906 2535 2035 1500 
0 781 444 724 515 0 581 427 710 495 948 1138 903 1012 611 503 717 1125 1021 1507 2068 1911 2433 1565 1479 2106 2341 2955 2643 3296 4914 3239 2687 3058 4454 3928 3402 2902 2378 2007 2473 1968 
0 582 834 1231 1098 581 0 260 272 550 373 764 194 590 183 693 1143 1332 1045 2179 693 1899 876 442 452 713 1081 647 1301 787 4902 2559 1003 2377 4442 3916 3390 2889 2366 2679 3145 2640 
0 970 600 1027 938 427 260 0 349 291 584 716 505 585 531 927 1099 1886 1451 1934 1631 2143 1996 1129 1152 1670 1337 2519 2207 2859 5146 2803 2251 2622 4686 4160 3634 3134 2610 2434 2901 2396 
0 291 662 1165 1176 710 272 349 0 260 120 480 274 456 434 1100 1419 2691 2256 2740 1218 2949 1401 967 708 1238 2710 1212 2640 1382 5952 3228 1338 3047 5492 4966 4439 3939 3416 3240 3706 3201 
0 740 407 867 926 495 550 291 260 0 502 740 712 689 819 948 1212 2199 1764 2248 1945 2456 2310 1442 1449 1983 2217 2916 3132 3257 5459 3721 3169 3540 4999 4473 3947 3447 2923 2748 3214 2709 
0 340 887 1295 1508 948 373 584 120 502 0 349 315 439 545 2143 2588 3098 2663 3147 1494 3501 1744 1243 926 1435 2056 1011 2238 1181 6258 2826 1137 2645 5798 5272 4746 4246 3968 3647 4113 3608 
0 1015 1142 2271 1761 1138 764 716 480 740 349 0 530 215 1131 1759 2204 2714 2279 2763 2605 3117 2279 2102 1468 1906 1672 1932 1974 2272 5049 2882 2330 2701 4589 4063 3537 3037 3584 3263 3729 3224 
0 588 1091 2110 1417 903 194 505 274 712 315 530 0 845 362 1047 1511 2897 1358 2946 995 2503 833 744 422 571 1047 659 1241 671 4436 2268 706 2087 3976 3449 2923 2423 2970 3446 3912 3407 
0 1054 1096 200000 200000 1012 590 585 456 689 439 215 845 0 970 1323 200000 200000 200000 200000 200000 200000 200000 200000 1239 1584 1465 200000 1644 200000 200000 200000 200000 200000 200000 200000 200000 200000 200000 200000 200000 200000 
0 920 1509 2026 885 611 183 531 434 819 545 1131 362 970 0 329 778 967 734 1226 673 1514 684 250 483 520 1085 677 1398 1115 4517 2174 811 1993 4057 3531 3005 2505 1981 2065 2531 1329 
0 1179 940 1109 683 503 693 927 1100 948 2143 1759 1047 1323 329 0 455 675 520 1001 1499 1268 1929 1061 1294 1603 1419 2451 2140 2792 4411 2735 2184 2554 3951 3425 2898 2398 1875 1503 1970 1099 
0 1349 1045 1000 500 717 1143 1099 1419 1212 2588 2204 1511 200000 778 455 0 500 698 1134 2441 1407 2806 1506 1766 2048 2282 2897 2585 3237 4932 3180 2629 2999 4472 3946 3420 2919 2396 2025 1525 1000 
0 2235 1902 1500 1000 1125 1332 1886 2691 2199 3098 2714 2897 200000 967 675 500 0 455 724 1371 1076 2296 2433 2276 2975 3209 3823 3512 4164 4422 3690 3139 3509 3962 3436 2910 2409 1431 1134 1015 500 
0 1800 1460 1975 1127 1021 1045 1451 2256 1764 2663 2279 1358 200000 734 520 698 455 0 483 990 709 1764 1902 1841 2444 2678 3292 2980 3633 3891 3255 2704 3074 3431 2905 2378 1499 1136 981 1074 660 
0 2284 1951 2545 2035 1507 2179 1934 2740 2248 3147 2763 2946 200000 1226 1001 1134 724 483 0 689 404 1281 1418 2325 1960 2194 2808 2497 3149 3407 3739 3187 3558 2947 2421 1895 1156 707 500 707 515 
0 1422 2512 3461 2951 2068 693 1631 1218 1945 1494 2605 995 200000 673 1499 2441 1371 990 689 0 295 155 253 501 308 788 636 1003 1116 3514 3177 1312 2996 3054 1491 1011 509 367 724 1198 1192 
0 2688 2355 2949 2439 1911 1899 2143 2949 2456 3501 3117 2503 200000 1514 1268 1407 1076 709 404 295 0 497 715 2275 790 975 1453 1185 2745 3002 3689 3137 3508 2542 2016 1321 793 466 594 1001 917 
0 1604 2877 3826 3316 2433 876 1996 1401 2310 1744 2279 833 200000 684 1929 2806 2296 1764 1281 155 497 0 156 354 164 483 480 692 801 2769 2566 1007 2385 2309 1783 1257 757 672 1022 1474 1786 
0 1171 2009 2526 2016 1565 442 1129 967 1442 1243 2102 744 200000 250 1061 1506 2433 1902 1418 253 715 156 0 275 111 404 456 687 592 4017 2674 633 2493 3557 3031 2505 988 860 1918 2428 1923 
0 1301 2269 2786 2276 1479 452 1152 708 1449 926 1468 422 1239 483 1294 1766 2276 1841 2325 501 2275 354 275 0 192 240 210 395 351 1014 1768 392 1587 3121 2595 2069 1568 1369 2592 3102 2597 
0 1441 2551 3068 2558 2106 713 1670 1238 1983 1435 1906 571 1584 520 1603 2048 2975 2444 1960 308 790 164 111 192 0 188 349 463 483 3143 2153 523 1972 2683 2157 1631 1130 984 2154 2664 2159 
0 3117 2785 3302 2792 2341 1081 1337 2710 2217 2056 1672 1047 1465 1085 1419 2282 3209 2678 2194 788 975 483 404 240 188 0 511 302 779 3377 1972 861 1791 2917 2391 1865 1364 1153 1505 2898 2393 
0 1437 3208 3917 3407 2955 647 2519 1212 2916 1011 1932 659 200000 677 2451 2897 3823 3292 2808 636 1453 480 456 210 349 511 0 331 141 611 1304 182 635 3776 3250 2724 2224 2810 3248 3758 3253 
0 3091 3424 3605 3095 2643 1301 2207 2640 3132 2238 1974 1241 1644 1398 2140 2585 3512 2980 2497 1003 1185 692 687 395 463 302 331 0 540 4453 1521 616 1339 3993 3466 2940 2440 1409 3464 3974 3469 
0 1608 3548 4257 3747 3296 787 2859 1382 3257 1181 2272 671 200000 1115 2792 3237 4164 3633 3149 1116 2745 801 592 351 483 779 141 540 0 382 499 41 340 841 1327 2860 2359 2946 3383 3893 3388 
0 5691 5358 5952 5442 4914 4902 5146 5952 5459 6258 5049 4436 200000 4517 4411 4932 4422 3891 3407 3514 3002 2769 4017 1014 3143 3377 611 4453 382 0 863 349 664 460 983 1512 2012 2536 3016 3516 3912 
0 3680 4012 4200 3690 3239 2559 2803 3228 3721 2826 2882 2268 200000 2174 2735 3180 3690 3255 3739 3177 3689 2566 2674 1768 2153 1972 1304 1521 499 863 0 559 181 1321 4350 3824 3323 3910 4347 4858 4352 
0 1564 3460 3649 3139 2687 1003 2251 1338 3169 1137 2330 706 200000 811 2184 2629 3139 2704 3187 1312 3137 1007 633 392 523 861 182 616 41 349 559 0 325 781 1283 3272 2772 3358 3796 4306 3801 
0 3498 3831 4019 3509 3058 2377 2622 3047 3540 2645 2701 2087 200000 1993 2554 2999 3509 3074 3558 2996 3508 2385 2493 1587 1972 1791 635 1339 340 664 181 325 0 1106 4169 3643 3142 3729 4166 4676 4171 
0 5231 4898 5492 4982 4454 4442 4686 5492 4999 5798 4589 3976 200000 4057 3951 4472 3962 3431 2947 3054 2542 2309 3557 3121 2683 2917 3776 3993 841 460 1321 781 1106 0 526 1052 1552 2076 2556 3056 3452 
0 4705 4372 4966 4456 3928 3916 4160 4966 4473 5272 4063 3449 200000 3531 3425 3946 3436 2905 2421 1491 2016 1783 3031 2595 2157 2391 3250 3466 1327 983 4350 1283 4169 526 0 526 1021 1549 2030 2530 2926 
0 4179 3846 4440 3930 3402 3390 3634 4439 3947 4746 3537 2923 200000 3005 2898 3420 2910 2378 1895 1011 1321 1257 2505 2069 1631 1865 2724 2940 2860 1512 3824 3272 3643 1052 526 0 500 1023 1504 2004 2400 
0 3678 3346 3939 3429 2902 2889 3134 3939 3447 4246 3037 2423 200000 2505 2398 2919 2409 1499 1156 509 793 757 988 1568 1130 1364 2224 2440 2359 2012 3323 2772 3142 1552 1021 500 0 523 1003 1503 1899 
0 3155 2822 3416 2906 2378 2366 2610 3416 2923 3968 3584 2970 200000 1981 1875 2396 1431 1136 707 367 466 672 860 1369 984 1153 2810 1409 2946 2536 3910 3358 3729 2076 1549 1023 523 0 480 980 1126 
0 2784 2451 3045 2535 2007 2679 2434 3240 2748 3647 3263 3446 200000 2065 1503 2025 1134 981 500 724 594 1022 1918 2592 2154 1505 3248 3464 3383 3016 4347 3796 4166 2556 2030 1504 1003 480 0 500 724 
0 3250 2917 2545 2035 2473 3145 2901 3706 3214 4113 3729 3912 200000 2531 1970 1525 1015 1074 707 1198 1001 1474 2428 3102 2664 2898 3758 3974 3893 3516 4858 4306 4676 3056 2530 2004 1503 980 500 0 515 
0 2745 2412 2039 1500 1968 2640 2396 3201 2709 3608 3224 3407 200000 1329 1099 1000 500 660 515 1192 917 1786 1923 2597 2159 2393 3253 3469 3388 3912 4352 3801 4171 3452 2926 2400 1899 1126 724 515 0 
EOF