NAME : coverage_path
TYPE : ATSP
DIMENSION : 11
EDGE_WEIGHT_TYPE : EXPLICIT
EDGE_WEIGHT_FORMAT : FULL_MATRIX
EDGE_WEIGHT_SECTION
0 50680 50732 202872 202077 202042 417 200938 200882 201422 201438 
0 0 260 247 559 774 711 1663 2026 2552 3078 
0 260 0 282 560 600 440 1124 1481 2081 2607 
0 247 282 0 400 488 1001 1413 1775 2301 2827 
0 559 560 400 0 180 1572 1814 2176 2702 3228 
0 774 600 488 180 0 1752 1994 2356 2882 3408 
0 711 440 1001 1572 1752 0 277 608 1134 1656 
0 1663 1124 1413 1814 1994 277 0 362 880 1414 
0 2026 1481 1775 2176 2356 608 362 0 526 1047 
0 2552 2081 2301 2702 2882 1134 880 526 0 526 
0 3078 2607 2827 3228 3408 1656 1414 1047 526 0 
EOF