NAME : coverage_path
TYPE : ATSP
DIMENSION : 38
EDGE_WEIGHT_TYPE : EXPLICIT
EDGE_WEIGHT_FORMAT : FULL_MATRIX
EDGE_WEIGHT_SECTION
0 205470 204796 204252 203894 203773 203914 204835 204057 203396 202935 202773 202961 204339 203451 202644 202209 201824 202055 204035 203060 202225 50332 50169 200910 211 201405 203967 202969 202106 64 201248 204146 203204 202316 201700 201416 201649 
0 0 500 1000 1500 2039 2550 500 707 1118 2029 2540 3050 1000 1118 1414 2447 3015 3550 1500 2010 2477 3125 3613 3475 4347 4006 2000 2510 3037 4151 4549 2500 3010 3521 3985 4526 5075 
0 500 0 500 1000 1500 2039 707 500 707 1118 2029 2540 1118 1000 1118 1332 2505 3040 2010 1500 1967 2615 3103 2965 3837 3496 2510 2000 2527 3641 4039 3010 2500 3011 3475 4016 4565 
0 1000 500 0 500 1000 1500 1118 707 500 707 1118 2029 1414 1118 1000 1031 1417 2529 2520 2010 1465 2105 2593 2455 3327 2986 3020 2510 2017 3131 3529 3520 3010 2501 2965 3506 4055 
0 1500 1000 500 0 500 1000 2029 1118 707 500 707 1118 2529 1414 1118 926 1112 1414 3029 2520 1967 1595 2083 1945 2817 2476 3529 3020 2527 2621 3019 4029 3520 3011 3475 4016 3545 
0 2039 1500 1000 500 0 500 2540 2029 1118 707 500 707 3040 2529 1414 1075 985 1118 3540 3029 2477 2105 1573 1445 2307 1966 4040 3529 3037 2111 2509 4540 4029 3521 3985 3561 3035 
0 2550 2039 1500 1000 500 0 3050 2540 2029 1118 707 500 3550 3040 2529 1398 1098 1000 4050 3540 2987 2615 2083 1945 1797 1465 4550 4040 3547 2621 1999 5050 4540 4031 3593 3051 2525 
0 500 707 1118 2029 2540 3050 0 500 1000 1500 2039 2550 500 707 1118 1947 2515 3050 1000 1118 1360 2625 3113 2975 3847 3506 1500 2010 2537 3651 4049 2000 2510 3021 3485 4026 4575 
0 707 500 707 1118 2029 2540 500 0 500 1000 1500 2039 707 500 707 1051 2005 2540 1118 1000 1067 1374 2603 2465 3337 2996 2010 1500 2027 3141 3539 2510 2000 2511 2975 3516 4065 
0 1118 707 500 707 1118 2029 1000 500 0 500 1000 1500 1118 707 500 625 1130 2029 1414 1118 966 1076 1373 1955 2827 2486 2520 2010 1517 2631 3029 3020 2510 2001 2465 3006 3555 
0 2029 1118 707 500 707 1118 1500 1000 500 0 500 1000 2029 1118 707 427 710 1118 2529 1414 1109 1095 1583 1162 1468 1418 3029 2520 2027 2121 2519 3529 3020 2511 2975 3516 3045 
0 2540 2029 1118 707 500 707 2039 1500 1000 500 0 500 2540 2029 1118 695 485 707 3040 2529 1425 1605 1171 945 1275 1104 3540 3029 2537 1611 2009 4040 3529 3021 3485 3061 2535 
0 3050 2540 2029 1118 707 500 2550 2039 1500 1000 500 0 3050 2540 2029 1134 688 500 3550 3040 2487 1410 1367 1054 1265 965 4050 3540 3047 2121 1508 4550 4040 3531 3093 2551 2025 
0 1000 1118 1414 2529 3040 3550 500 707 1118 2029 2540 3050 0 500 1000 1467 2046 2531 500 707 1067 2160 2418 2506 3329 2988 1000 1118 1390 3182 3531 1500 2010 2521 2985 3526 4057 
0 1118 1000 1118 1414 2529 3040 707 500 707 1118 2029 2540 500 0 500 968 1536 2021 707 500 653 1650 1416 1996 2819 2478 1118 1000 1114 2672 3021 2010 1500 2011 2475 3016 3547 
0 1414 1118 1000 1118 1414 2529 1118 707 500 707 1118 2029 1000 500 0 472 1025 1500 1118 707 467 667 996 1132 1481 1968 1414 1118 1027 2162 2511 2520 2010 1505 1965 2506 3037 
0 2447 1332 1031 926 1075 1398 1947 1051 625 427 695 1134 1467 968 472 0 563 1058 1982 1129 735 699 971 946 1846 1309 2482 1455 1216 1699 2048 2982 2472 1964 2428 2969 2574 
0 3015 2505 1417 1112 985 1098 2515 2005 1130 710 485 688 2046 1536 1025 563 0 495 2546 2036 1163 722 709 460 803 707 3046 2536 1499 1135 1259 3546 3036 2527 2991 2537 2011 
0 3550 3040 2529 1414 1118 1000 3050 2540 2029 1118 707 500 2531 2021 1500 1058 495 0 3031 2521 1969 1131 988 646 778 466 3531 3021 2529 1621 1009 4031 3521 3013 2593 2051 1525 
0 1500 2010 2520 3029 3540 4050 1000 1118 1414 2529 3040 3550 500 707 1118 1982 2546 3031 0 500 966 1485 1935 3006 3829 3488 500 707 1077 3682 4031 1000 1118 1417 2468 3010 3536 
0 2010 1500 2010 2520 3029 3540 1118 1000 1118 1414 2529 3040 707 500 707 1129 2036 2521 500 0 467 986 1272 2496 3319 2978 707 500 684 3172 3521 1118 1000 1121 1433 2500 3026 
0 2477 1967 1465 1967 2477 2987 1360 1067 966 1109 1425 2487 1067 653 467 735 1163 1969 966 467 0 520 820 1080 1435 1692 1109 719 560 1867 2235 1425 1149 1040 1330 2049 2575 
0 3125 2615 2105 1595 2105 2615 2625 1374 1076 1095 1605 1410 2160 1650 667 699 722 1131 1485 986 520 0 166 560 439 1060 2115 1126 777 609 1587 2615 1439 1692 2156 2697 2113 
0 3613 3103 2593 2083 1573 2083 3113 2603 1373 1583 1171 1367 2418 1416 996 971 709 988 1935 1272 820 166 0 344 279 800 2435 1925 1066 449 1267 2935 2425 2012 2861 2319 1793 
0 3475 2965 2455 1945 1445 1945 2975 2465 1955 1162 945 1054 2506 1996 1132 946 460 646 3006 2496 1080 560 344 0 384 500 2659 2149 1283 675 1043 3159 2649 2236 2637 2095 1569 
0 4347 3837 3327 2817 2307 1797 3847 3337 2827 1468 1275 1265 3329 2819 1481 1846 803 778 3829 3319 1435 439 279 384 0 405 4329 3819 3327 201 884 3947 3437 2942 2478 1936 1410 
0 4006 3496 2986 2476 1966 1465 3506 2996 2486 1418 1104 965 2988 2478 1968 1309 707 466 3488 2978 1692 1060 800 500 405 0 3988 3478 2985 831 543 3605 3095 2600 2137 1595 1060 
0 2000 2510 3020 3529 4040 4550 1500 2010 2520 3029 3540 4050 1000 1118 1414 2482 3046 3531 500 707 1109 2115 2435 2659 4329 3988 0 500 945 4182 3562 500 707 1121 1968 2510 3036 
0 2510 2000 2510 3020 3529 4040 2010 1500 2010 2520 3029 3540 1118 1000 1118 1455 2536 3021 707 500 719 1126 1925 2149 3819 3478 500 0 445 3672 3052 707 500 710 1114 2000 2526 
0 3037 2527 2017 2527 3037 3547 2537 2027 1517 2027 2537 3047 1390 1114 1027 1216 1499 2529 1077 684 560 777 1066 1283 3327 2985 945 445 0 2058 2541 1063 661 483 749 1323 2015 
0 4151 3641 3131 2621 2111 2621 3651 3141 2631 2121 1611 2121 3182 2672 2162 1699 1135 1621 3682 3172 1867 609 449 675 201 831 4182 3672 2058 0 1587 4649 4139 3644 3180 2639 2113 
0 4549 4039 3529 3019 2509 1999 4049 3539 3029 2519 2009 1508 3531 3021 2511 2048 1259 1009 4031 3521 2235 1587 1267 1043 884 543 3562 3052 2541 1587 0 3062 2552 2057 1593 1047 526 
0 2500 3010 3520 4029 4540 5050 2000 2510 3020 3529 4040 4550 1500 2010 2520 2982 3546 4031 1000 1118 1425 2615 2935 3159 3947 3605 500 707 1063 4649 3062 0 500 1005 1466 2010 2536 
0 3010 2500 3010 3520 4029 4540 2510 2000 2510 3020 3529 4040 2010 1500 2010 2472 3036 3521 1118 1000 1149 1439 2425 2649 3437 3095 707 500 661 4139 2552 500 0 505 966 1508 2026 
0 3521 3011 2501 3011 3521 4031 3021 2511 2001 2511 3021 3531 2521 2011 1505 1964 2527 3013 1417 1121 1040 1692 2012 2236 2942 2600 1121 710 483 3644 2057 1005 505 0 463 1004 1531 
0 3985 3475 2965 3475 3985 3593 3485 2975 2465 2975 3485 3093 2985 2475 1965 2428 2991 2593 2468 1433 1330 2156 2861 2637 2478 2137 1968 1114 749 3180 1593 1466 966 463 0 541 1060 
0 4526 4016 3506 4016 3561 3051 4026 3516 3006 3516 3061 2551 3526 3016 2506 2969 2537 2051 3010 2500 2049 2697 2319 2095 1936 1595 2510 2000 1323 2639 1047 2010 1508 1004 541 0 526 
0 5075 4565 4055 3545 3035 2525 4575 4065 3555 3045 2535 2025 4057 3547 3037 2574 2011 1525 3536 3026 2575 2113 1793 1569 1410 1060 3036 2526 2015 2113 526 2536 2026 1531 1060 526 0 
EOF