NAME : pairopt
TYPE : ACVRP
DIMENSION : 11
EDGE_WEIGHT_TYPE : EXPLICIT
EDGE_WEIGHT_FORMAT : FULL_MATRIX
CAPACITY : 40
VEHICLES : 2
EDGE_WEIGHT_SECTION
100000 -100000 -100000 100000 100000 100000 100000 100000 100000 100000 100000 
100000 100000 1000000 50737 50987 51130 51258 1043 50911 50487 542 
100000 1000000 100000 157 50126 51135 1079 50213 50905 439 433 
0 50737 157 100000 100500 102061 102000 100707 101581 100500 100707 
0 50987 50126 100500 100000 102236 1091 250 101802 101000 763 
0 51130 51135 102061 102236 100000 266 102692 417 1157 1426 
0 51258 1079 102000 1091 266 100000 102549 421 1048 102549 
0 1043 50213 100707 250 102692 102549 100000 102236 641 500 
0 50911 50905 101581 101802 417 421 102236 100000 764 1045 
0 50487 439 100500 101000 1157 1048 641 764 100000 250 
0 542 433 100707 763 1426 102549 500 1045 250 100000 
DEMAND_SECTION
1 0
2 0
3 0
4 10
5 10
6 10
7 10
8 10
9 10
10 10
11 10
DEPOT_SECTION
1
EOF