NAME : amtsp
TYPE : ATSP
DIMENSION : 13
EDGE_WEIGHT_TYPE : EXPLICIT
EDGE_WEIGHT_FORMAT : FULL_MATRIX
EDGE_WEIGHT_SECTION
0 129 200640 201294 201785 202636 203195 203933 203421 202539 202163 203153 203190 
0 0 288 423 720 1180 1415 2932 1498 1063 872 1369 2432 
0 288 0 568 647 1025 1350 2605 2105 1092 1032 1605 2105 
0 423 568 0 487 986 1085 1374 1076 667 465 965 1099 
0 720 647 487 0 500 707 1118 1000 500 707 1118 1414 
0 1180 1025 986 500 0 500 1000 1118 707 1118 1414 2520 
0 1415 1350 1085 707 500 0 500 707 500 1000 1118 2010 
0 2932 2605 1374 1118 1000 500 0 500 707 1118 1000 1500 
0 1498 2105 1076 1000 1118 707 500 0 500 707 500 1000 
0 1063 1092 667 500 707 500 707 500 0 500 707 1118 
0 872 1032 465 707 1118 1000 1118 707 500 0 500 707 
0 1369 1605 965 1118 1414 1118 1000 500 707 500 0 500 
0 2432 2105 1099 1414 2520 2010 1500 1000 1118 707 500 0 
