NAME : pairopt
TYPE : ACVRP
DIMENSION : 12
EDGE_WEIGHT_TYPE : EXPLICIT
EDGE_WEIGHT_FORMAT : FULL_MATRIX
CAPACITY : 33750
VEHICLES : 2
EDGE_WEIGHT_SECTION
100000 -100000 -100000 100000 100000 100000 100000 100000 100000 100000 100000 100000 
100000 100000 1000000 575 302 433 50555 51427 471 51271 224 57 
100000 1000000 100000 51115 51200 1039 50779 292 50964 50405 51132 51327 
0 575 51115 100000 250 100707 101118 102236 101414 101802 101118 500 
0 302 51200 250 100000 297 539 102500 101118 102121 100707 250 
0 433 1039 100707 297 100000 250 102121 100707 1054 100500 376 
0 50555 50779 101118 539 250 100000 101802 377 795 100707 627 
0 51427 292 102236 102500 102121 101802 100000 102236 100500 102500 102828 
0 471 50964 101414 101118 100707 377 102236 100000 1038 250 500 
0 51271 50405 101802 102121 1054 795 100500 1038 100000 102236 102500 
0 224 51132 101118 100707 100500 100707 102500 250 102236 100000 250 
0 57 51327 500 250 376 627 102828 500 102500 250 100000 
DEMAND_SECTION
1 0
2 0
3 0
4 5000
5 5000
6 5000
7 5000
8 5000
9 5000
10 5000
11 5000
12 5000
DEPOT_SECTION
1
EOF