NAME : pairopt
TYPE : ACVRP
DIMENSION : 42
EDGE_WEIGHT_TYPE : EXPLICIT
EDGE_WEIGHT_FORMAT : FULL_MATRIX
CAPACITY : 135000
VEHICLES : 2
EDGE_WEIGHT_SECTION
0 0 203438 203051 202966 203194 203697 204374 203034 203831 202217 582 202502 203401 201876 50542 202470 202408 304 201758 202750 181 341 200848 66 201999 203234 202627 203369 202091 254 201362 196 201174 201960 202304 201555 201404 202234 202426 202962 203774 
0 0 206847 206119 205476 204949 204585 204422 201365 200629 205441 695 202104 200478 205553 101845 201303 204413 696 202078 205300 101645 102103 204156 101771 205760 201435 206251 202427 205441 102271 205001 102110 204041 204704 204082 203291 202556 201879 202713 203632 203424 
0 0 0 500 999 1505 1995 2495 4545 5045 2005 4314 4018 4535 1461 3628 4035 2998 3813 3498 2531 3099 3754 4021 2619 1000 4025 515 3515 717 1225 1046 1372 1403 1125 2005 2515 2977 3525 3015 2505 3005 
0 0 500 0 499 1005 1505 1995 4045 4545 2505 3814 3518 4035 1963 3128 3535 3498 3313 2998 3031 2599 3254 3521 2119 1118 3525 724 3015 515 1035 940 1145 1077 717 1125 1424 2477 3025 2515 2005 2505 
0 0 999 499 0 505 1005 1505 3545 4045 3005 3314 3018 3535 2463 2628 3035 3998 2813 2498 3531 2099 2754 3021 1480 1414 3025 1134 2515 724 1069 1084 1114 921 515 717 1130 1977 2525 1424 1125 2005 
0 0 1505 1005 505 0 500 1000 3050 3550 3561 2819 2523 3040 3019 3159 2540 3749 2318 2003 4087 2618 3273 3540 2158 2556 2529 2010 1414 1118 1311 1404 1296 1023 707 500 1000 1467 2029 1118 707 1118 
0 0 1995 1505 1005 500 0 500 2550 3050 4061 3267 2945 2540 3519 3607 2039 4198 2696 2435 4587 2996 3651 3918 2623 3056 2029 2510 1118 2010 2416 2592 2175 1318 1118 707 1118 1947 1500 1000 500 707 
0 0 2495 1995 1505 1000 500 0 3050 2550 4561 3767 3445 2039 4019 4107 2540 4698 3196 2935 5087 3496 4151 4418 3123 3556 1500 3010 1000 2510 2916 3092 2675 2463 2010 1118 1414 2447 2029 1118 707 500 
0 0 4545 4045 3545 3050 2550 3050 0 500 2641 727 405 707 4029 1206 500 1648 977 667 2114 1240 2121 2388 1438 3566 1118 4040 2029 3540 2926 3102 2685 2473 3040 2540 2029 1134 1000 1500 2039 2540 
0 0 5045 4545 4045 3550 3050 2550 500 0 3141 1226 905 500 4529 1557 707 2148 1368 1047 2614 1966 2621 2888 2613 4066 1000 4540 1500 4040 3426 3602 3185 2973 3540 3040 2529 1398 1118 2029 2540 2039 
0 0 2005 2505 3005 3561 4061 4561 2641 3141 0 1923 2245 3568 541 1373 3068 1035 2412 2672 526 2112 2767 3033 2592 1004 4051 1508 3541 2000 1719 1306 1960 2098 2500 3000 2541 3004 3551 3041 3500 4000 
0 0 4314 3814 3314 2819 3267 3767 727 1226 1923 0 325 1465 2464 239 958 840 310 721 1300 401 472 1722 557 3362 2280 3836 2826 3336 991 2898 871 2269 2836 2336 1826 1140 1322 2326 2836 3336 
0 0 4018 3518 3018 2523 2945 3445 405 905 2245 325 0 1032 2787 831 643 1225 779 519 1719 1054 1268 1430 1268 3039 1348 3513 2503 3013 2306 2575 2065 1946 2513 2013 1508 1040 1080 2003 2513 3013 
0 0 4535 4035 3535 3040 2540 2039 707 500 3568 1465 1032 0 4019 2067 500 2658 1246 905 3124 1499 2111 2378 2103 3556 500 4029 1000 3529 2916 3092 2675 2463 3029 2529 1414 1075 707 1118 2029 1500 
0 0 1461 1963 2463 3019 3519 4019 4029 4529 541 2464 2787 4019 0 2124 3519 1534 2681 2983 1060 2381 3036 3302 1900 463 3509 966 2999 1114 920 735 1066 1361 1433 2458 1999 2462 3009 2499 2958 3458 
0 0 3628 3128 2628 3159 3607 4107 1206 1557 1373 239 831 2067 2124 0 1417 362 418 1022 820 480 591 1450 640 2796 2527 3123 3073 2623 865 2332 745 1703 2123 2583 2073 1459 2027 2573 3083 3583 
0 0 4035 3535 3035 2540 2039 2540 500 707 3068 958 643 500 3519 1417 0 2158 747 405 2624 1006 1611 1442 1239 3056 707 3529 1118 3029 2416 2592 2175 1442 2529 2029 1118 695 500 1000 1500 2029 
0 0 2998 3498 3998 3749 4198 4698 1648 2148 1035 840 1225 2658 1534 362 2158 0 1419 1459 466 1119 1774 2040 1599 1998 3117 2493 3663 2993 2321 2462 2080 2293 2713 3173 2663 2200 2617 3163 3673 4173 
0 0 3813 3313 2813 2318 2696 3196 977 1368 2412 310 779 1246 2681 418 747 1419 0 342 1897 138 477 698 264 2780 1319 3254 2244 2754 543 1282 474 1104 1559 1464 974 682 864 1330 2254 2754 
0 0 3498 2998 2498 2003 2435 2935 667 1047 2672 721 519 905 2983 1022 405 1459 342 0 2158 607 1128 1039 781 2519 1023 2993 1333 2493 1329 2055 1200 1285 1993 1488 990 520 627 1061 1993 2493 
0 0 2531 3031 3531 4087 4587 5087 2114 2614 526 1300 1719 3124 1060 820 2624 466 1897 2158 0 1585 2240 2507 2066 1531 3584 2026 4067 2526 2245 1995 2547 2624 3026 3526 3067 2667 3084 3567 4026 4526 
0 0 3099 2599 2099 2618 2996 3496 1240 1966 2112 401 1054 1499 2381 480 1006 1119 138 607 1585 0 294 440 160 2267 1998 2594 2544 1407 425 1043 364 890 1305 1389 936 696 1498 1268 2554 3054 
0 0 3754 3254 2754 3273 3651 4151 2121 2621 2767 472 1268 2111 3036 591 1611 1774 477 1128 2240 294 0 228 353 2922 2653 3249 3198 2749 928 2458 515 1289 2249 2708 1403 1242 2153 2698 3208 3708 
0 0 4021 3521 3021 3540 3918 4418 2388 2888 3033 1722 1430 2378 3302 1450 1442 2040 698 1039 2507 440 228 0 550 3189 2920 3516 3465 3016 990 2725 840 1104 1492 2975 1248 1117 2420 2965 3475 3975 
0 0 2619 2119 1480 2158 2623 3123 1438 2613 2592 557 1268 2103 1900 640 1239 1599 264 781 2066 160 353 550 0 1202 1571 1410 2137 1108 280 763 210 591 985 1103 701 618 1071 1112 1409 2614 
0 0 1000 1118 1414 2556 3056 3556 3566 4066 1004 3362 3039 3556 463 2796 3056 1998 2780 2519 1531 2267 2922 3189 1202 0 3046 505 2536 710 680 463 826 1063 1121 1995 1568 1998 2546 2036 2495 2995 
0 0 4025 3525 3025 2529 2029 1500 1118 1000 4051 2280 1348 500 3509 2527 707 3117 1319 1023 3584 1998 2653 2920 1571 3046 0 3520 500 3020 2406 2582 2165 1953 2520 1414 1118 926 500 707 1118 1000 
0 0 515 724 1134 2010 2510 3010 4040 4540 1508 3836 3513 4029 966 3123 3529 2493 3254 2993 2026 2594 3249 3516 1410 505 3520 0 3010 500 867 646 1027 1153 1000 1500 2010 2472 3020 2510 2000 2500 
0 0 3515 3015 2515 1414 1118 1000 2029 1500 3541 2826 2503 1000 2999 3073 1118 3663 2244 1333 4067 2544 3198 3465 2137 2536 500 3010 0 2510 1896 2072 1655 1447 2010 1118 1000 1031 707 500 707 500 
0 0 717 515 724 1118 2010 2510 3540 4040 2000 3336 3013 3529 1114 2623 3029 2993 2754 2493 2526 1407 2749 3016 1108 710 3020 500 2510 0 557 446 687 711 500 1000 1118 1509 2520 2010 1500 2000 
0 0 1225 1035 1069 1311 2416 2916 2926 3426 1719 991 2306 2916 920 865 2416 2321 543 1329 2245 425 928 990 280 680 2406 867 1896 557 0 234 80 392 613 974 839 1001 1411 1339 1422 2687 
0 0 1046 940 1084 1404 2592 3092 3102 3602 1306 2898 2575 3092 735 2332 2592 2462 1282 2055 1995 1043 2458 2725 763 463 2582 646 2072 446 234 0 393 600 699 1132 1076 1234 2082 1572 1936 2436 
0 0 1372 1145 1114 1296 2175 2675 2685 3185 1960 871 2065 2675 1066 745 2175 2080 474 1200 2547 364 515 840 210 826 2165 1027 1655 687 80 393 0 299 630 909 839 840 1252 1340 1472 2132 
0 0 1403 1077 921 1023 1318 2463 2473 2973 2098 2269 1946 2463 1361 1703 1442 2293 1104 1285 2624 890 1289 1104 591 1063 1953 1153 1447 711 392 600 299 0 430 611 453 749 1112 948 1032 1503 
0 0 1125 717 515 707 1118 2010 3040 3540 2500 2836 2513 3029 1433 2123 2529 2713 1559 1993 3026 1305 2249 1492 985 1121 2520 1000 2010 500 613 699 630 430 0 500 707 1129 1414 1118 1000 1500 
0 0 2005 1125 717 500 707 1118 2540 3040 3000 2336 2013 2529 2458 2583 2029 3173 1464 1488 3526 1389 2708 2975 1103 1995 1414 1500 1118 1000 974 1132 909 611 500 0 500 968 1118 707 500 1000 
0 0 2515 1424 1130 1000 1118 1414 2029 2529 2541 1826 1508 1414 1999 2073 1118 2663 974 990 3067 936 1403 1248 701 1568 1118 2010 1000 1118 839 1076 839 453 707 500 0 472 707 500 707 1118 
0 0 2977 2477 1977 1467 1947 2447 1134 1398 3004 1140 1040 1075 2462 1459 695 2200 682 520 2667 696 1242 1117 618 1998 926 2472 1031 1509 1001 1234 840 749 1129 968 472 0 427 625 1051 1332 
0 0 3525 3025 2525 2029 1500 2029 1000 1118 3551 1322 1080 707 3009 2027 500 2617 864 627 3084 1498 2153 2420 1071 2546 500 3020 707 2520 1411 2082 1252 1112 1414 1118 707 427 0 500 1000 1118 
0 0 3015 2515 1424 1118 1000 1118 1500 2029 3041 2326 2003 1118 2499 2573 1000 3163 1330 1061 3567 1268 2698 2965 1112 2036 707 2510 500 2010 1339 1572 1340 948 1118 707 500 625 500 0 500 707 
0 0 2505 2005 1125 707 500 707 2039 2540 3500 2836 2513 2029 2958 3083 1500 3673 2254 1993 4026 2554 3208 3475 1409 2495 1118 2000 707 1500 1422 1936 1472 1032 1000 500 707 1051 1000 500 0 500 
0 0 3005 2505 2005 1118 707 500 2540 2039 4000 3336 3013 1500 3458 3583 2029 4173 2754 2493 4526 3054 3708 3975 2614 2995 1000 2500 500 2000 2687 2436 2132 1503 1500 1000 1118 1332 1118 707 500 0 
DEMAND_SECTION
1 0
2 0
3 5000
4 5000
5 5000
6 5000
7 5000
8 5000
9 5000
10 5000
11 5000
12 5000
13 5000
14 5000
15 5000
16 5000
17 5000
18 5000
19 5000
20 5000
21 5000
22 5000
23 5000
24 5000
25 5000
26 5000
27 5000
28 5000
29 5000
30 5000
31 5000
32 5000
33 5000
34 5000
35 5000
36 5000
37 5000
38 5000
39 5000
40 5000
41 5000
42 5000
DEPOT_SECTION
1
EOF