NAME : pairopt
TYPE : ACVRP
DIMENSION : 39
EDGE_WEIGHT_TYPE : EXPLICIT
EDGE_WEIGHT_FORMAT : FULL_MATRIX
CAPACITY : 135000
VEHICLES : 2
EDGE_WEIGHT_SECTION
0 0 201248 201650 201416 201700 202315 202106 203396 204056 204835 205470 204796 204146 203893 203913 202961 203773 202055 169 201405 204252 203204 39 202643 202209 202935 202773 201824 50168 200909 50332 202224 203059 203451 204339 204035 203967 202969 
0 0 204574 204756 203925 203027 202344 201531 202391 202038 202144 203104 203032 202107 203783 205238 204732 204458 204400 101928 204351 203279 202000 101607 201636 202492 203046 203852 203478 704 203353 562 201195 200281 201057 201248 200719 201216 201019 
0 0 0 526 1102 1593 2057 2541 3029 3539 4049 4549 4039 3062 3019 1999 1508 2509 1009 884 543 3529 2552 1587 2511 2048 2519 2009 1272 1267 1043 1587 2968 3521 3021 3531 4031 3562 3052 
0 0 526 0 526 1060 1531 2015 3532 4026 4536 5036 4526 2536 3545 2525 2025 3035 1525 1410 1060 4032 2026 2113 3032 2574 3045 2535 2011 1793 1569 2113 2575 3026 3526 4036 3536 3036 2526 
0 0 1102 526 0 541 1004 1313 3006 3500 4010 4510 4000 2010 4016 3051 2551 3561 2051 1936 1595 3506 1508 2639 2506 2969 3516 3061 2537 2319 2095 2328 2049 2500 3000 3510 3010 2510 2000 
0 0 1593 1060 541 0 463 749 2465 2958 3468 3968 3458 1466 3475 3593 3093 3985 2593 2478 2137 2965 966 3180 1965 2428 2975 3485 2991 2107 2637 1787 1324 1433 2458 2968 2468 1968 1114 
0 0 2057 1531 1004 463 0 483 2001 2495 3005 3505 2995 1005 3011 4031 3531 3521 3013 2942 2600 2501 505 2542 1505 1964 2511 3021 2527 1643 1866 1241 1040 1121 1995 2505 1417 1121 710 
0 0 2541 2015 1313 749 483 0 1517 1935 2445 2945 2435 1063 2527 3547 3047 3037 2529 1493 1883 2017 661 2058 1027 1216 2027 2537 1499 946 1289 777 560 684 1114 1390 1077 945 445 
0 0 3029 3532 3006 2465 2001 1517 0 500 1000 1118 707 3020 707 2029 1500 1118 2029 2827 2486 500 2510 2631 500 625 500 1000 1130 1373 1955 1076 966 1118 707 1118 1414 2520 2010 
0 0 3539 4026 3500 2958 2495 1935 500 0 500 707 500 2510 1118 2540 2039 2029 2540 3337 2996 707 2000 3141 707 1051 1000 1500 2005 2603 2465 1374 1067 1000 500 707 1118 2010 1500 
0 0 4049 4536 4010 3468 3005 2445 1000 500 0 500 707 2000 2029 3050 2550 2540 3050 3847 3506 1118 2510 3651 1118 1947 1500 2039 2515 3113 2975 2625 1360 1118 707 500 1000 1500 2010 
0 0 4549 5036 4510 3968 3505 2945 1118 707 500 0 500 2500 1500 2550 3050 2039 3550 4347 4006 1000 3010 4151 1414 2447 2029 2540 3015 3613 3475 3125 2477 2010 1118 1000 1500 2000 2510 
0 0 4039 4526 4000 3458 2995 2435 707 500 707 500 0 3010 1000 2039 2540 1500 3040 3837 3496 500 2500 3641 1118 1332 1118 2029 2505 3103 2965 2615 1967 1500 1000 1118 2010 2510 2000 
0 0 3062 2536 2010 1466 1005 1063 3020 2510 2000 2500 3010 0 4030 5050 4550 4540 4031 3947 3605 3520 500 4682 2520 2982 3530 4040 3546 2935 4006 2615 1425 1118 2010 1500 1000 500 707 
0 0 3019 3545 4016 3475 3011 2527 707 1118 2029 1500 1000 4030 0 1000 1118 500 1414 2817 2476 500 3520 2621 1118 926 500 707 1112 2083 1945 1525 1967 2520 1414 2529 3029 3529 3020 
0 0 1999 2525 3051 3593 4031 3547 2029 2540 3050 2550 2039 5050 1000 0 500 500 1000 1797 1465 1500 4540 2621 2529 1398 1118 707 1098 2083 1945 2615 2987 3540 3040 3550 4050 4550 4040 
0 0 1508 2025 2551 3093 3531 3047 1500 2039 2550 3050 2540 4550 1118 500 0 707 500 1265 965 2029 4040 2121 2029 1134 1000 500 688 1367 1054 1410 2487 3040 2540 3050 3550 4050 3540 
0 0 2509 3035 3561 3985 3521 3037 1118 2029 2540 2039 1500 4540 500 500 707 0 1118 2307 1966 1000 4029 2111 1414 1075 707 500 985 1573 1445 2105 2477 3029 2529 3040 3540 4040 3529 
0 0 1009 1525 2051 2593 3013 2529 2029 2540 3050 3550 3040 4031 1414 1000 500 1118 0 778 466 2529 3521 1621 1500 1058 1118 707 495 988 646 1131 1969 2521 2021 2531 3031 3531 3021 
0 0 884 1410 1936 2478 2942 1493 2827 3337 3847 4347 3837 3947 2817 1797 1265 2307 778 0 418 3327 3437 201 1481 1846 1468 1275 803 283 384 447 1448 3319 2819 3329 3829 4329 3819 
0 0 543 1060 1595 2137 2600 1883 2486 2996 3506 4006 3496 3605 2476 1465 965 1966 466 418 0 2986 3095 811 1968 1303 1418 1104 707 800 500 1060 2425 2978 2478 2988 3488 3988 3478 
0 0 3529 4032 3506 2965 2501 2017 500 707 1118 1000 500 3520 500 1500 2029 1000 2529 3327 2986 0 3010 3131 1000 1031 707 1118 1417 2593 2455 2105 1465 2010 1118 1414 2520 3020 2510 
0 0 2552 2026 1508 966 505 661 2510 2000 2510 3010 2500 500 3520 4540 4040 4029 3521 3437 3095 3010 0 4172 2010 2472 3020 3530 3036 2425 3496 1439 1149 1000 1500 2010 1118 707 500 
0 0 1587 2113 2639 3180 2542 2058 2631 3141 3651 4151 3641 4682 2621 2621 2121 2111 1621 201 811 3131 4172 0 2162 1699 2116 1611 1135 449 675 609 1867 2324 2672 3182 2834 3334 2824 
0 0 2511 3032 2506 1965 1505 1027 500 707 1118 1414 1118 2520 1118 2529 2029 1414 1500 1481 1968 1000 2010 2162 0 472 707 1118 1025 996 1132 667 467 707 500 1000 1118 1414 1118 
0 0 2048 2574 2969 2428 1964 1216 625 1051 1947 2447 1332 2982 926 1398 1134 1075 1058 1846 1303 1031 2472 1699 472 0 427 695 563 861 929 579 735 1129 968 1467 1982 2482 1455 
0 0 2519 3045 3516 2975 2511 2027 500 1000 1500 2029 1118 3530 500 1118 1000 707 1118 1468 1418 707 3020 2116 707 427 0 500 710 1583 1183 1025 1109 1414 1118 2029 2529 3029 2520 
0 0 2009 2535 3061 3485 3021 2537 1000 1500 2039 2540 2029 4040 707 707 500 500 707 1275 1104 1118 3530 1611 1118 695 500 0 485 1171 945 1211 1425 2529 2029 2540 3040 3540 3029 
0 0 1272 2011 2537 2991 2527 1499 1130 2005 2515 3015 2505 3546 1112 1098 688 985 495 803 707 1417 3036 1135 1025 563 710 485 0 709 460 722 1163 2036 1536 2046 2546 3046 2536 
0 0 1267 1793 2319 2107 1643 946 1373 2603 3113 3613 3103 2935 2083 2083 1367 1573 988 283 800 2593 2425 449 996 861 1583 1171 709 0 344 166 820 1272 1416 2730 1935 2435 1420 
0 0 1043 1569 2095 2637 1866 1289 1955 2465 2975 3475 2965 4006 1945 1945 1054 1445 646 384 500 2455 3496 675 1132 929 1183 945 460 344 0 560 1080 1649 1996 2506 2159 2659 2149 
0 0 1587 2113 2328 1787 1241 777 1076 1374 2625 3125 2615 2615 1525 2615 1410 2105 1131 447 1060 2105 1439 609 667 579 1025 1211 722 166 560 0 520 986 1178 2115 1485 2115 1126 
0 0 2968 2575 2049 1324 1040 560 966 1067 1360 2477 1967 1425 1967 2987 2487 2477 1969 1448 2425 1465 1149 1867 467 735 1109 1425 1163 820 1080 520 0 467 653 1067 966 1109 719 
0 0 3521 3026 2500 1433 1121 684 1118 1000 1118 2010 1500 1118 2520 3540 3040 3029 2521 3319 2978 2010 1000 2324 707 1129 1414 2529 2036 1272 1649 986 467 0 500 707 500 707 500 
0 0 3021 3526 3000 2458 1995 1114 707 500 707 1118 1000 2010 1414 3040 2540 2529 2021 2819 2478 1118 1500 2672 500 968 1118 2029 1536 1416 1996 1178 653 500 0 500 707 1118 1000 
0 0 3531 4036 3510 2968 2505 1390 1118 707 500 1000 1118 1500 2529 3550 3050 3040 2531 3329 2988 1414 2010 3182 1000 1467 2029 2540 2046 2730 2506 2115 1067 707 500 0 500 1000 1118 
0 0 4031 3536 3010 2468 1417 1077 1414 1118 1000 1500 2010 1000 3029 4050 3550 3540 3031 3829 3488 2520 1118 2834 1118 1982 2529 3040 2546 1935 2159 1485 966 500 707 500 0 500 707 
0 0 3562 3036 2510 1968 1121 945 2520 2010 1500 2000 2510 500 3529 4550 4050 4040 3531 4329 3988 3020 707 3334 1414 2482 3029 3540 3046 2435 2659 2115 1109 707 1118 1000 500 0 500 
0 0 3052 2526 2000 1114 710 445 2010 1500 2010 2510 2000 707 3020 4040 3540 3529 3021 3819 3478 2510 500 2824 1118 1455 2520 3029 2536 1420 2149 1126 719 500 1000 1118 707 500 0 
DEMAND_SECTION
1 0
2 0
3 5000
4 5000
5 5000
6 5000
7 5000
8 5000
9 5000
10 5000
11 5000
12 5000
13 5000
14 5000
15 5000
16 5000
17 5000
18 5000
19 5000
20 5000
21 5000
22 5000
23 5000
24 5000
25 5000
26 5000
27 5000
28 5000
29 5000
30 5000
31 5000
32 5000
33 5000
34 5000
35 5000
36 5000
37 5000
38 5000
39 5000
DEPOT_SECTION
1
EOF