NAME : pairopt
TYPE : ACVRP
DIMENSION : 17
EDGE_WEIGHT_TYPE : EXPLICIT
EDGE_WEIGHT_FORMAT : FULL_MATRIX
CAPACITY : 52500
VEHICLES : 2
EDGE_WEIGHT_SECTION
100000 -100000 -100000 100000 100000 100000 100000 100000 100000 100000 100000 100000 100000 100000 100000 100000 100000 
100000 100000 1000000 50659 50207 278 444 438 50137 418 51212 50902 51149 51138 50981 50763 50572 
100000 1000000 100000 50382 51019 816 724 973 51122 51266 287 315 462 50628 70 231 475 
0 50659 50382 100000 101500 101000 559 790 101581 924 101118 250 500 101118 421 439 365 
0 50207 51019 101500 100000 345 376 250 250 500 102549 102000 102500 102549 102061 101581 626 
0 278 816 101000 345 100000 250 353 100707 647 102061 808 1083 102061 101581 101118 397 
0 444 724 559 376 250 100000 250 101118 101581 1014 834 1111 102236 753 516 250 
0 438 973 790 250 353 250 100000 500 750 1264 1084 1361 102692 1004 766 500 
0 50137 51122 101581 250 100707 101118 500 100000 250 102692 1126 102549 102500 102236 101802 101414 
0 418 51266 924 500 647 101581 750 250 100000 102915 1161 102692 102549 102500 102121 101802 
0 51212 287 101118 102549 102061 1014 1264 102692 102915 100000 100707 250 629 284 529 779 
0 50902 315 250 102000 808 834 1084 1126 1161 100707 100000 250 100707 250 100707 591 
0 51149 462 500 102500 1083 1111 1361 102549 102692 250 250 100000 379 100707 101118 864 
0 51138 50628 101118 102549 102061 102236 102692 102500 102549 629 100707 379 100000 101118 101414 101802 
0 50981 70 421 102061 101581 753 1004 102236 102500 284 250 100707 101118 100000 266 502 
0 50763 231 439 101581 101118 516 766 101802 102121 529 100707 101118 101414 266 100000 266 
0 50572 475 365 626 397 250 500 101414 101802 779 591 864 101802 502 266 100000 
DEMAND_SECTION
1 0
2 0
3 0
4 5000
5 5000
6 5000
7 5000
8 5000
9 5000
10 5000
11 5000
12 5000
13 5000
14 5000
15 5000
16 5000
17 5000
DEPOT_SECTION
1
EOF