NAME : pairopt
TYPE : ACVRP
DIMENSION : 12
EDGE_WEIGHT_TYPE : EXPLICIT
EDGE_WEIGHT_FORMAT : FULL_MATRIX
CAPACITY : 64
VEHICLES : 2
EDGE_WEIGHT_SECTION
100000 -100000 -100000 100000 100000 100000 100000 100000 100000 100000 100000 100000 
100000 100000 1000000 777 669 1168 51208 916 51300 624 374 120 
100000 1000000 100000 50933 51164 51097 50849 1109 616 51294 51426 51587 
0 777 50933 100000 373 101118 500 421 101118 101581 101500 101581 
0 669 51164 373 100000 514 101118 266 101414 101802 101581 764 
0 1168 51097 101118 514 100000 266 269 526 102692 102549 1256 
0 51208 50849 500 101118 266 100000 420 266 102549 102500 102549 
0 916 1109 421 266 269 420 100000 101118 102236 102061 1001 
0 51300 616 101118 101414 526 266 101118 100000 102500 102549 102692 
0 624 51294 101581 101802 102692 102549 102236 102500 100000 250 500 
0 374 51426 101500 101581 102549 102500 102061 102549 250 100000 250 
0 120 51587 101581 764 1256 102549 1001 102692 500 250 100000 
DEMAND_SECTION
1 0
2 0
3 0
4 10
5 10
6 10
7 10
8 10
9 10
10 10
11 10
12 10
DEPOT_SECTION
1
EOF