NAME : pairopt
TYPE : ACVRP
DIMENSION : 12
EDGE_WEIGHT_TYPE : EXPLICIT
EDGE_WEIGHT_FORMAT : FULL_MATRIX
CAPACITY : 33750
VEHICLES : 2
EDGE_WEIGHT_SECTION
100000 -100000 -100000 100000 100000 100000 100000 100000 100000 100000 100000 100000 
100000 100000 1000000 50833 727 561 51306 535 50513 50299 375 340 
100000 1000000 100000 127 51262 51262 777 51310 51402 51183 51013 51073 
0 50833 127 100000 102549 102500 764 102549 102692 102236 102000 102061 
0 727 51262 102549 100000 250 102692 500 750 790 353 559 
0 561 51262 102500 250 100000 102915 250 500 559 250 353 
0 51306 777 764 102692 102915 100000 103201 103535 103201 102500 102828 
0 535 51310 102549 500 250 103201 100000 250 353 353 250 
0 50513 51402 102692 750 500 103535 250 100000 250 559 353 
0 50299 51183 102236 790 559 103201 353 250 100000 500 250 
0 375 51013 102000 353 250 102500 353 559 500 100000 250 
0 340 51073 102061 559 353 102828 250 353 250 250 100000 
DEMAND_SECTION
1 0
2 0
3 0
4 5000
5 5000
6 5000
7 5000
8 5000
9 5000
10 5000
11 5000
12 5000
DEPOT_SECTION
1
EOF