NAME : pairopt
TYPE : ACVRP
DIMENSION : 17
EDGE_WEIGHT_TYPE : EXPLICIT
EDGE_WEIGHT_FORMAT : FULL_MATRIX
CAPACITY : 52500
VEHICLES : 2
EDGE_WEIGHT_SECTION
100000 -100000 -100000 100000 100000 100000 100000 100000 100000 100000 100000 100000 100000 100000 100000 100000 100000 
100000 100000 1000000 50435 730 50275 752 51081 503 51116 489 50172 50329 50294 50831 50877 50645 
100000 1000000 100000 625 50946 50986 51150 535 51042 637 50811 50992 1152 902 285 449 461 
0 50435 625 100000 102061 101414 102236 790 101802 750 101581 101118 500 250 559 500 250 
0 730 50946 102061 100000 600 250 102500 100707 102828 250 101581 102061 102000 102121 102500 102236 
0 50275 50986 101414 600 100000 614 102549 366 102692 365 250 500 101118 102061 102236 101802 
0 752 51150 102236 250 614 100000 102915 250 103201 100707 863 1113 102061 102500 102828 102500 
0 51081 535 790 102500 102549 102915 100000 102692 250 102236 102500 1363 1112 250 353 559 
0 503 51042 101802 100707 366 250 102692 100000 102915 445 626 876 101581 102236 102500 102121 
0 51116 637 750 102828 102692 103201 250 102915 100000 102500 102549 1250 1000 353 250 500 
0 489 50811 101581 250 365 100707 102236 445 102500 100000 101118 101581 101500 101802 102121 101802 
0 50172 50992 101118 101581 250 863 102500 626 102549 101118 100000 250 513 102000 1260 1010 
0 50329 1152 500 102061 500 1113 1363 876 1250 101581 250 100000 250 1118 1000 750 
0 50294 902 250 102000 101118 102061 1112 101581 1000 101500 513 250 100000 862 750 500 
0 50831 285 559 102121 102061 102500 250 102236 353 101802 102000 1118 862 100000 250 353 
0 50877 449 500 102500 102236 102828 353 102500 250 102121 1260 1000 750 250 100000 250 
0 50645 461 250 102236 101802 102500 559 102121 500 101802 1010 750 500 353 250 100000 
DEMAND_SECTION
1 0
2 0
3 0
4 5000
5 5000
6 5000
7 5000
8 5000
9 5000
10 5000
11 5000
12 5000
13 5000
14 5000
15 5000
16 5000
17 5000
DEPOT_SECTION
1
EOF