NAME : pairopt
TYPE : ACVRP
DIMENSION : 11
EDGE_WEIGHT_TYPE : EXPLICIT
EDGE_WEIGHT_FORMAT : FULL_MATRIX
CAPACITY : 30000
VEHICLES : 2
EDGE_WEIGHT_SECTION
100000 -100000 -100000 100000 100000 100000 100000 100000 100000 100000 100000 
100000 100000 1000000 50714 50806 50641 50891 50719 709 50468 147 
100000 1000000 100000 51168 783 410 327 1009 50542 51076 50814 
0 50714 51168 100000 557 102121 102500 314 1321 250 101581 
0 50806 783 557 100000 795 101802 250 102061 101118 101581 
0 50641 410 102121 795 100000 100500 101802 100500 101802 101000 
0 50891 327 102500 101802 100500 100000 102121 100707 102236 101500 
0 50719 1009 314 250 101802 102121 100000 102236 100707 101500 
0 709 50542 1321 102061 100500 100707 102236 100000 1076 559 
0 50468 51076 250 101118 101802 102236 100707 1076 100000 101118 
0 147 50814 101581 101581 101000 101500 101500 559 101118 100000 
DEMAND_SECTION
1 0
2 0
3 0
4 5000
5 5000
6 5000
7 5000
8 5000
9 5000
10 5000
11 5000
DEPOT_SECTION
1
EOF